size:1008
put:258

01 00 0d f0 00 04 00 00 f0 03 00 00 e1 00 00 00
01 00 03 00 00 44 02 00 04 01 05 06 44 02 07 02
08 44 09 03 09 03 09 03 09 03 09 03 09 03 09 03
09 03 09 03 09 03 09 03 09 03 09 03 09 03 09 03
09 03 09 03 09 03 09 03 09 03 09 03 09 03 09 03
09 03 09 03 09 03 0a 02 12 02 02 01 00 03 00 00
44 02 00 04 01 05 06 44 02 07 02 08 44 09 03 09
03 09 03 09 03 09 03 09 03 09 03 09 03 09 03 09
03 09 03 09 03 09 03 09 03 09 03 09 03 09 03 09
03 09 03 09 03 09 03 09 03 09 03 09 03 09 03 09
03 0a 02 12 02 02 01 00 03 00 00 44 02 00 04 01
05 06 44 02 07 02 08 44 09 03 09 03 09 03 09 03
09 03 09 03 09 03 09 03 09 03 09 03 09 03 09 03
09 03 09 03 09 03 09 03 09 03 09 03 09 03 09 03
09 03 09 03 09 03 09 03 09 03 09 03 0a 02 12 02
02 09 03 09 03 09 03 09 03 09 03 09 03 09 03 09
03 09 03 09 03 09 03 09 03 09 03 09 03 0a 02 12
02 02 01 00 03 00 00 44 02 00 04 01 05 06 44 02
07 02 08 44 09 03 09 03 09 03 09 03 09 03 09 03
09 03 09 03 09 03 09 03 09 03 09 03 09 03 09 03
00 00 00 00 00 00 00 00 00 00 00 00 00 00 00 00
